0.104807225309787, -0.341117716075268, 0.333067514365729, -0.318123808248124,
-0.193109055043612, 0.0862166989838814, -0.429144064593187, -0.390174138215137,
-0.41900252656057, -0.078277121583001, 0.775125736380809, -0.232230347656284,
2.1906477652874, -0.885471994796734, -0.203690931236952, -0.539531334847991,
-0.257866284384171, -0.344076238025968, 0.146983363848526, -0.948798125134725,
0.422167187155828, 1.13802858910265, -0.000392311114070227, -0.095753041953356,
0.286515515477522, 1.18275501889255, -0.833897388838974, 0.00278637992759104,
-0.285153489187328, 1.83198316800722, 1.78671549221446, -2.60448333382188,
0.147831932346334, -0.106128509631620, -0.095753041953356, -0.246018436010314,
-0.401031225758693, -0.213846229829083, -0.754278746888576, 0.0370364317332465,
-0.185444419096403, -0.574042837432806, -0.541347729712569, 4.60921882075915,
0.798133404783837, -1.20173111125639, -0.100858212384821, -0.195489633170024,
-1.06669866510883, 0.613081296759107, 0.076887034400001, -0.270709480108712,
2.57888840887410, 0.648115700899299, -0.374129316840634, -0.474141119407518,
-0.510565340843821, -0.383582826523737, -0.523569076856599, -1.21034522672277,
-0.326600317655613, -0.265971258487275, 1.09893940423160, -0.772195005431198,
0.240004798267857, -0.957893860084502, 0.426047667106517, -0.410585646643143,
-0.411145242667454, -0.440757983326225, -0.355827762445657, -0.394701364836797,
-0.444253167408187, 1.36911438106160, -0.594559843305376, -0.925033625542215,
-0.211548215108869, 0.457586887155091, -0.246018436010314, -0.282236248931541,
-0.137172349302614, -0.656523677358537, 0.208410535922458, -0.330673445557036,
5.1966757835002, -0.664408482382223, 0.0720570753187528, 1.38659030143196,
-0.841011602085751, -0.963907227949726, -0.0851298840602746,
-3.01125946147041, -1.53699357103643, 0.0672821584822755, -0.177497129314134,
-0.707816549652467, -0.215342429329035, -0.208359747711117, -0.250913394849101,
-0.363150579408705, 0.963624093936477, 4.02076006668347, 0.119098386209301,
1.94599101528067, -0.594410549927113, 3.39913611424263, -0.57703584276164,
-0.525120597526229, -0.360034697994529, -0.143600338673947, -0.63917653041083,
-0.0709627557841782, 4.57215915844499, -0.39926186120724, -0.794985993516253,
-0.59781241343969, -0.323994336303897, -0.0746327634775504, -0.528393136136158,
0.233148564926930, 1.01569887345113, -0.592843258698699, -0.544313909162524,
-0.586912582657046, -0.0464383523044898, 0.599164508587291, 2.79831477008539,
-0.306679184766564, -0.62233206973163, 0.889196533556559, -0.860354624981356,
-0.659564838672588, 0.408665618341580, -0.121763994294226, -0.630788681218875,
-0.65198789546086, -0.408166578447261, -0.124170386921020, 0.165678080121915,
-0.541710436317013, -0.47064057621818, 0.947849764459496, 0.129753089479029,
-0.190790981264588, 1.23979792702973, 1.83128457382013, -0.536576856254859,
-0.210180509994555, -0.0475081957983591, 1.35681135788266, 0.231040813565873,
-0.802093972119938, -0.777464986655572, 1.57089485228771, -0.561109603276654,
-0.592781689112122, 2.09671926124336, 0.0250542952124555, -0.072064966467253,
-0.324830704472966, -0.349659215677012, -0.581642628837705, 0.0139009933747879,
-0.601212406848002, 0.290460067946670, 0.211119743662066, -0.59019849970518,
8.35056068440375, -0.350964548454124, -0.417476532896136, -0.606181417734818,
0.120058468968220, 2.07144667220342, -0.273229205191587, -0.201034837012668,
-0.549572210793749, -0.560295532504594, -0.51621803809882, -0.332629470821384,
0.884483583099904, 0.271758737586298, -0.324908385727059, -0.371096364723202,
-0.111550779485259, -0.340118231424299, -0.0163203231134052,
0.00882639352407356, 2.7514673635545, -0.450214578162768, 2.78444276820865,
0.0118920698314376, -0.0208192185587851, -0.639779135546748,
-0.648519427465606, -1.04157477566591, 1.21586926219880, -0.548823791874337,
-0.109395704150898, -0.609356005163484, 0.0656216362615335, -0.704868825130949,
1.05867052552256, -1.29296781411579, -1.15798185572087, 0.0217064738384218,
3.14798754385871, -0.085316797296857, -0.271132163723980, -0.300724390606186,
1.56485125511084, 0.202603980066829, -0.853547701300767, -2.50968098521440,
0.0844557116712182, -0.445243022878157, -0.0600735538119974,
2.588515817836, 0.435006103241222, 0.667458734169022, -1.34959498057687,
-1.37508810452587, -0.0556634294500119, -0.0114531954149666,
0.5592631514945, 0.303284540697177, 2.01419481231602, 1.07091732656876,
-0.344341823114581, 0.152303574293811, 0.695977006715973, -1.09442449383382,
1.07073922028050, -1.85551253818693, -0.89667600609208, 0.0353967333105211,
0.119606449729382, -0.210416527540931, -0.319271369312362, 1.74543508160765,
-0.159653577078949, 0.0917394613709337, 1.49150868057973, 0.710451465517028,
-0.64156400201085, -1.76597292463378, -2.69181194394669, -0.440375670432834,
0.86398706092093, -0.289083682600684, -0.922724715328431, -1.16125954308577,
0.710451465517028, -0.878926518228949, -0.168686490027739, -0.210599950434825,
-0.0857873168942453, 1.72414207609866, 0.501211134727183, -0.692087705219934,
-0.381611228512409, -0.465717271121674, 0.0204092220670803, -1.12610614672478,
0.076246872593576, -1.11162371301526, -0.501046115468124, -0.133963738721984,
-4.42769431216381, -0.174330066893591, 0.164654049149600, -0.071825910535517,
0.0594118408970955, 0.427873876801671, 0.589049434481854, -0.257582794300822,
-0.225736326635625, 0.604209735407929, -0.188187799442735, 0.73540495399561,
2.62188017640576, -0.48009071441598, -0.179527048887368, 0.88751835739608,
0.00548019348547965, -0.66071973206055, -0.0705446085810326,
-0.072035916457507, -1.12168007254592, 0.0825390753451221, 3.62084910602493,
-1.09403903992634, -1.32692763251501, 0.124564184470248, 0.0960724949514156,
0.726447989289941, -0.840531697896583, 0.00891727380456907, -0.485973512714414,
0.0112098112286826, -0.467771393659361, 1.58895709656337, 1.11633009357690,
1.47647202059479, 2.0487458899748, -0.441768366437856, 1.77017977225223,
-0.365141088152249, -0.289167863465998, -0.0482140149893591,
-1.15745877105947, -0.66645378313334, 0.5835862690414, 4.80489509685314,
-0.419665793299576, -0.130722332201309, -0.444372856442971, -1.11784288691411,
-0.484673361353339, -0.781107871678541, 1.06349286346503, 1.47400989821051,
-0.450178524275922, -0.433967458271404, -0.418365641938501, 0.347944826464253,
-0.736548899991306, 1.13353773292743, -0.174242857712861, -0.587226202125583,
0.594037727325588, 0.94435712596085, -1.01651273276807, 0.837258152071962,
0.090441579519405, -0.523592062884799, -0.473379003008004, -0.0365817429086201,
0.248905116100850, -1.23669053935019, -0.46257078821506, -0.435267609632479,
-0.51717714538022, -0.488573815436565, 0.090441579519405, 1.66558856213194,
4.41562433587929, -0.246293435716165, -0.404063976966673, 0.169673347810127,
1.83362632121614, 0.690732559227806, -0.677262835382864, 0.833594279476348,
0.617308552411523, -0.384949030224929, -0.327514582144238, 0.94218308864467,
-0.415765339216351, 0.152702289947211, -0.174242857712861, -0.191450497063391,
-0.523604624733693, 0.631063776956221, -0.535603284073993, 1.09085257036765,
0.148695060148340, -0.365141088152249, 9.85221667360294, 0.0112098112286826,
-0.470371696381511, -0.432357447970812, -0.498975026325167, 0.651723831112584,
-0.406664279688824, -0.218791779920968, -0.345333146079568, -0.721684045460499,
-0.277488693816041, -0.406664279688824, -0.5444803239628, 0.204325207998801,
0.0310177533013633, -0.398863371522372, 0.189481289882808, 0.0850592459943619,
0.209289231955489, 0.26871305817353, 2.35527175224909, -0.431367155549254,
-0.565282745740004, 0.746010975309079, 1.17688239255437, -0.535603284073993,
-0.622644335097096, 1.06105837185935, -0.299645786070905, -0.558900589471242,
0.301578920413238, -0.0295114373145403, -0.908743551153478, 1.14071082935516,
1.27116417276949, 2.95535536039593, 1.16597369616188, -0.591467286546234,
1.20246694028495, -0.554141940072961, -0.193485874260661, -0.305303781079794,
-0.526493778746417, -0.579311295337647, 0.356468312386186, 3.92887611918572,
-0.49408069292019, 0.184599297989362, -0.51115855152318, -1.56713825174570,
-0.829890210032635, -0.754654320436179, -0.250652009657830, 0.737036908711786,
-0.529273174819291, -0.5950278666984, -0.067509197693584, 1.28755795630169,
1.06567193183472, 4.18670672912029, -0.608521823239669, -0.53980492655649,
0.0916907856534957, 0.929363702849576, -0.89633024832725, 0.863529890963315,
0.409647259106765, -0.482620842097563, -0.243182243029534, 0.284329517452008,
1.64956623465663, -1.31576921540526, -0.229310522335445, -0.888166753604038,
-0.562138936022963, -1.86774977017921, 0.409647259106765, 2.38588932257916,
2.76397255924923, 0.0788612944971648, -0.536217461919304, -0.211593737823018,
2.24864237101616, 0.112440929825018, 1.22107080165815, 2.09360321109899,
0.903193674015261, -0.492529102226713, -0.197024764717897, -1.23686919591373,
-1.69124023942705, 0.880927718729995, -0.485761830519067, -0.386639648058779,
-0.619421770956224, 0.119397270015823, -0.60644205429696, 1.76995850359281,
-0.263486194905219, -0.436168867555622, 0.531725292185127, -0.13313255866101,
-0.519853159365918, -0.474236247705300, 0.587373550681937, -0.859121902997895,
-0.269866309169609, -0.371717758151293, -0.497248992497262, -0.858871416006046,
-0.381891581971564, -0.171618070256827, 3.31690764943906, 0.286007850608915,
-0.116705278157498, 1.65548483718291, -0.0969008214795706, 0.361433266996143,
-0.274447103644388, 0.270553078491830, 0.385300449762444, -0.87913016752163,
2.65430972726780, 0.846822378327869, 0.165133739802259, -0.516824475640847,
-0.26577103001616, 2.51027843287278, -0.514626692045261, -0.686797472367038,
-1.63057463960801, -1.37024238736639, 0.319130142443911, 0.539356815272753,
-0.646577888464606, 0.905497234385267, -0.125205356098225, -0.362016682053478,
-1.25679591968867, -0.351036249628969, -0.539815684022356, -0.916570521145251,
0.107861822407322, -0.0781215018713934, -0.0566706571076786,
4.98477588198064, -0.608656395064093, -0.302032319786916, -0.344675999153572,
-0.545875922682883, -0.592443756588134, -0.846397757645457, -1.17489269422720,
2.75016187981239, -0.370867030592356, -0.604846245015155, -0.562508577699669,
1.17517185454219, -2.53113810503407, -2.11164958500006, -0.522102986472002,
-0.358884558706158, 2.91236626764394, 0.592080891619267, 0.356205602526446,
0.544655023923483, -0.108248688321369, -0.36414076570281, -0.389701772330353,
-0.359376578082563, 1.17246574797200, -1.85038729613231, -0.193830058633274,
-0.263882817407115, -0.665760643907852, -0.702878105644465, 2.05111635043941,
3.3510795447753, 1.91609903327201, -0.228343417816751, -0.232153567865688,
-1.14729760749478, 0.629198353355878, 0.649047135028165, -0.195906140392229,
1.72462549278103, 1.58310391946711, -0.340745844378678, -0.364770790514049,
-0.666552675099101, -0.454300316309727, -1.29148328572481, 0.445315111781298,
-0.431985437519162, -0.263684809609300, 0.422814225665517, -0.434793548106411,
1.06871566215113, 0.157297769262802, -0.153388465987808, 4.87279947219584,
-0.388315717745616, -0.402602280370082, -0.320705055144878, -0.370417012870051,
0.798561023090405, 0.752209197691888, 0.0656981619444707, -0.175775347613952,
-0.720050781928036, -0.166672989150582, -0.486599588299415, -1.18871123842046,
1.33789826293161, -0.198210231130473, 0.470714112028826, -0.491213770012227,
1.40972709164955, -0.671610874297941, -0.126279398395492, 2.0352637261413,
0.116226151806115, -1.61045584730236, -0.816948597897095, 1.74971248074107,
-0.448426084974435, -0.137553842398592, -0.473793229986417, -0.414170983587103,
-0.841252394556187, 0.159641534987438, -0.430707675087424, 0.398831609872765,
-0.429619859728322, 1.29464281298297, -0.335757527595941, -0.95944288086995,
0.235611854956750, 2.8478064836517, 0.132772376990153, 0.00283775539276095,
-0.0525227934301312, 1.20749777034991, -0.281041126799195, -0.686725079164455,
-2.17258892327676, 0.310623070544569, 1.91821962197639, -0.286721610819933,
1.31322701736205, 0.742122174422314, 0.515388593733491, -2.23413175099161,
-1.28629165602248, 0.179898982075336, 0.241711687646471, 0.228076627954594,
0.417064676469618, 1.50065807824477, 0.996790782356138, -0.389202833346590,
0.0731441992093934, 0.846175213034906, 1.69939138649258, -0.341630188375862,
-2.23573737595181, -0.755175000585224, -0.896629551247167, 0.0442945529438202,
0.110317353072671, 0.0233176292852814, 1.72123429184376, 0.127047407608471,
0.594375614311504, 1.64795088767417, 1.16486122102718, -0.368733635940682,
-1.61415529054219, -2.31372495875446, -0.207533516410555, 0.772012778133488,
-0.0322517041648845, -0.528719601686723, -1.38592937427898, -0.0666181283230185,
0.403311582286758, 0.088120344248534, -0.84549570485004, 0.199477285986482,
1.91159071006078, 1.24502917965317, -0.283025173896349, -0.423655855673982,
-0.612551967776425, 0.351995642478943, -1.25306583651841, 0.180622610613013,
-0.821882875272282, -0.38607047079949, 0.132410562721315, -5.38588932231769,
0.104510530626908, 0.420214833161079, 0.51639455602849, 0.292223925266938,
0.755822479310193, 0.580907819576699, -0.0696081377151832, -0.358185267158699,
0.433215828175274, 0.00242077927637857, 0.582252463752853, 1.44482657773423,
-0.251812465258567, 0.0987126052533197, 0.474774052349234, 0.251420172814241,
-0.413791375173896, 0.186814379715315, 0.187479880714718, -0.970986535460308,
0.443666329163231, 2.84458337096828, -0.946861234524735, -1.88629300314132,
-0.284847887417885, 0.0350273625564172, 0.249149467214189, -0.316304374728599,
0.395494388736874, -0.520115963901168, -0.0102414934989050, -0.523865970157604,
1.33243802403386, 0.924776457080868, 0.278581883468411, 1.93236828650539,
-0.490383771439426, 1.19900918686205, -0.324466051561391, -0.35864066861905,
-0.112262453908803, -0.899864268273215, -0.111397631900033, 0.565547941947077,
4.19709040515785, -0.472705170516227, -1.77432915026359, -0.283657667397431,
-0.752954085282962, -0.530830267490986, -0.626448094374689, 2.13043970046973,
1.50610204738088, -0.531609513097486, -0.481276613388081, -0.491455201798407,
-0.0510498776628641, -0.660341353129947, 0.538358024258217, 0.0207700316700783,
-0.411735003232339, 0.332902410603628, -2.34166593185575, -0.238432005332372,
1.11234384213327, 0.0713752748290134, 0.374237236294633, -0.470569297387556,
-0.269930073756137, -0.059211554495656, -1.10798702750941, -0.502705220567715,
-0.463062297285392, -0.553062447439856, -0.540740998311567, -0.0102414934989050,
1.5771464205683, 3.78993134076851, -0.295900182646619, -0.467883733900810,
0.0754561132454094, 1.27928403611196, 1.01439228982397, -0.417887273676105,
-0.780985101683588, 0.485181175704641, -0.108181615492407, -0.48329615609492,
0.740632775117944, -0.438151541439067, -0.0714031724894536, -0.0111360774620675,
-0.0253165704096875, -0.63460977120748, 0.858808869451078, -0.479092344733535,
0.882490327180217, 0.231429674020747, -0.426487011971289, 11.6577115910967,
-0.148989999656366, -0.513955239337024, -0.734341217790699, -0.53056240990124,
0.673072707260608, -0.470562309798264, -0.211027499638829, -0.185717545403930,
-0.581558871794333, -0.259294704045421, -0.474580173644445, -0.534312416157676,
0.14839446819866, -0.128585807574386, -0.479669467849609, -0.00616065508250888,
0.00634984715622654, 0.0713752748290134, 0.0468902443306379,
2.35074070638685, -0.466812303541828, -0.5710089059528, 0.724613942319289,
1.96776085763098, -0.269930073756137, -0.312223536312203, 0.821866882210142,
-0.444166907593019, -0.436206214244601, 0.337821490093499, 0.257825493762849,
-1.02957417559231, 1.38773965930532, 1.54461518570885, 1.28099010003732,
1.56069204775479, -0.370076567873414, 1.18625825680156, -0.430321864265849,
-0.0183716669474025, -0.102936556675320, -0.341862518625437,
-0.199804784596593, 0.703301202257928, 4.27099893777362, -0.316956872021042,
-3.61425432484013, -0.149271214577902, -0.807954985361605, -0.707720006062842,
-0.445374178505395, 0.196226679674807, 1.17677585840972, -0.572643521124164,
-0.414419807909866, -0.312856979293456, 0.827710079377168, 0.729368732872152,
3.22502134278822, -0.541041426305391, -0.315277416883777, 0.223660836792920,
-2.55821368498906, -0.134582738271184, 1.66383353069622, 0.790732462440894,
-0.736400589077219, -0.596136459703849, 0.168996423127844, 1.22997870340444,
-1.05911634089397, -0.116606903492460, -1.41391534221526, -0.382057540572628,
-2.16106123317592, 0.628094991671068, 2.96359079885683, 3.01703423961829,
0.339945915576976, -0.348327610666162, -0.0105936285738895, 2.15746739665275,
0.62880168433873, -0.986492200699258, -1.01444651371735, 1.17716672960111,
-0.184321342460381, -0.304575558116673, -1.07859083858341, -2.70417739336501,
0.803196604530176, -0.276741217239246, -0.0644725682159227, -0.561971032920326,
0.587351255400283, -0.316566559051701, 2.03640664914511, 0.0192310278325833,
-0.260939408580365, 1.0978868065053, -0.00230715223923112, -0.340098062748472,
-1.07337354070220, 0.60330544982656, -0.758903416909236, -0.179423127265131,
-0.130488669653957, -0.277031884118613, -0.46307889659179, -0.123386110901944,
-0.156762324373518, 1.57325537290958, 0.579732036118597, 0.0173346077906333,
0.339945915576976, 0.0361992030296788, 0.61874696910304, -0.0949084991231126,
0.352565732848294, 0.72516270985683, -1.02631392040854, 2.10799718122134,
1.27744416376471, 0.859884480465036, -0.322655411079504, -0.628292418575613,
1.63113039598178, -0.213742619951711, -1.01158988567348, -1.27205497262048,
-1.45129245511111, 0.777542361164133, 0.549143062025211, -0.590164385937139,
0.238876097694789, -0.0699264552323597, -0.304298994028293, -1.04105447722263,
-0.313769118650896, -0.474372841247305, -0.880416406681728, -0.0197493926089897,
-0.787832182804547, 0.0180577862306537, 4.78797995851893, -0.501320785324049,
-0.472939475101582, -0.437664796631828, -0.380178887740112, -0.567825011260662,
-0.511660837695003, -1.83980866078684, 3.14292346759666, -0.681152751469602,
-0.535949458222147, -0.305135234369523, 0.604943940023973, -1.65160108048110,
-1.52878802328949, -0.656185759038468, -0.286121665473544, 2.46215843663325,
-1.62376207145937, -0.629473626811481, 0.889253105831749, -0.0328940867562792,
-0.0387193660369447, -0.254011621660053, -0.305514382833876,
0.712309009174238, -1.55168026776501, -0.191343796909758, -0.0861968123296697,
-0.593978989389425, -0.743251192985982, 1.99952002725205, 3.57136123231129,
1.83011728602568, -0.176082080413608, -0.228131766549938, -1.08761047385027,
0.511098750260978, 1.10797222945666, -0.34696706755286, -0.79353129944287,
1.59468128202488, -0.281662377524372, -0.297785434782739, -0.602975508700263,
-0.502400763963783, -1.0077382921271, 1.19006051413785, -0.469922140284268,
-0.138678489921903, 0.729673216196564, -0.281001179592644, 1.05279291714598,
0.353575113534368, -0.132744882508580, 6.27967750098589, -0.332344751254428,
-0.354696015604, -0.683817359318345, -0.317516347288976, 0.998030403931083,
0.34045353819588, 0.242417899203220, 0.242345900627242, -0.426604097963668,
-0.037001308274272, -0.364237478265185, -0.683549181136258, 1.47132262094554,
-0.178256569515762, -0.0635132976707594, -0.417064616914649,
1.45991514014535, -0.597755942210223, -0.121507159818722, 2.28263362037608,
0.505023127307881, -1.19532100405780, -0.812770111590317, 3.09200462147942,
-0.0121353780644689, -0.521517376693286, -0.663388097874518,
-0.901546745096384, -0.212562689174951, 0.661959621590399, 0.073376195683196,
0.64690270940666, 0.0808622208631197, 0.918630269540625, -0.353175700601021,
-0.141002956169618, 0.688309217911944, 1.68934474806205, 0.474815053651258,
0.358611939714676, 0.360118237088955, -0.44275947884717, -1.18040875999701,
-0.559983965450019, -1.03467070056315, 0.669488077682269, -1.28381289242151,
-0.385411070566018, -1.24563719478329, 0.63184579722292, -0.385411070566018,
-2.44756551450059, -0.584733310235092, 0.667029509412655, 0.665723849636334,
0.703366130095683, 0.87625391161932, 0.43871240913984, 0.918630269540625,
0.27097089107996, 0.121511034512114, 0.975442229863547, -4.93269189806243,
-2.91431766907883, -1.52356876040038, -0.0986690291602592, -1.18040875999701,
0.604412394178957, 0.520070652026369, 0.474815053651258, -0.44275947884717,
0.673252305728204, 0.684544989866009, 0.613024656993245, 0.620553113085115,
0.130724603964348, -0.806598487267829, -2.87619652547038, -0.270714254003715,
0.703366130095683, 0.474815053651258, 0.0604408290969736, -0.870196362723515,
0.445456499516501, -0.353175700601021, 0.619710556404933, -0.557456295409473,
0.621322324903196, 1.27769276958738, 0.695837674003814, 0.27097089107996,
0.221150938890678, 0.0716910823228322, 0.188073012245499, -1.13939625281693,
0.121511034512114, -0.584733310235092, 0.355102297140446, 0.188073012245499,
-3.85675610982472, 0.53216346193241, 0.63937425331479, 0.221150938890678,
0.65443116549853, 0.81899036516206, 0.692073445957879, 0.549421326134623,
-0.156017437441411, -0.500107887128322, 0.370610795458524, 0.699601902049748,
0.60173197285544, 0.420430747647806, 0.53216346193241, 0.699601902049748,
0.704208686775865, -0.23108075146209, 0.646860278494713, 0.646860278494713,
-0.0300703676532488, 0.677016533774139, 0.594203516763571, -0.917531075784198,
-3.46205224989504, -0.0777687742450135, 0.245421420526651, -1.33966079689383,
1.27223688381593, 0.514759564533335, 0.365791064524179, -0.187971615855075,
0.196837160186188, -0.0400760522437055, 0.723125613480323, -1.39068237288173,
-0.108437974076404, 0.00347359792088729, 1.22226230437941, 0.519333380195265,
-0.177957444274482, 0.272623499419937, 0.407415293201405, -0.124115159659715,
-0.597005344239630, -0.999471704166696, 0.435161241880454, -3.8414533512445,
-0.360813938186601, -2.55416179296722, 0.199617804642604, -0.324336502979539,
-0.110243395202885, -0.378648893600199, 0.470215872970314, 0.386260323591219,
1.11254115220416, 0.918171071504163, 1.62536895612004, 1.19708559926083,
0.562811369178135, 0.326389001588050, 0.611065303825913, -5.3483876542742,
-1.96760986437278, -1.90326912307932, -0.868171618969863, 1.16258521493673,
0.98787556471699, 0.158957286501830, -0.142364836733029, -0.687953827529042,
0.166192401474525, -0.375382244511183, 0.395894254779275, -0.824530466490602,
-0.475777279005346, -1.57602235851826, -1.94608512907108, -2.30303541624499,
0.404307828265368, 0.338110360748389, -0.294345786610375, -0.409990858734065,
2.03147239492429, -1.62492236961432, 0.375778963155786, 0.0238165670941813,
0.328647273740739, 0.106783698905674, -0.95006333667165, -0.470739847303733,
0.38389677114793, 0.138072984316372, -0.223669610518629, -0.623577787013309,
-0.136298790709618, -1.41185126304819, 0.300929826964089, -0.0132425472212507,
-0.0286647938821214, 0.323057811988250, 0.422315111403595, -0.723058397858191,
0.524369797250164, 0.377685122813637, 0.626025391646219, 0.360189783602941,
0.300127500960574, -1.02607070410989, 0.205366640270433, 0.769314341973339,
2.67308735051884, 0.136233062915827, 0.323057811988250, 2.24522012868353,
0.457327559121605, -1.02972572126335, 0.423464009842721, 0.414626435411462,
0.207716606017419, 0.0115616561201198, 2.15884092834913, -1.36275304275440,
-1.28740491819539, 0.398313717501879, 1.00901093216486, -2.72307099656668,
-0.346492497926308, 0.908865637923923, 0.384788120182953, 1.52359858574498,
0.656518137620884, 0.0574769628144868, 0.245150893963542, -0.323696246163541,
0.226998624868681, 0.194857376404045, -0.105877164363224, 0.309563748301049,
0.64361275420697, 0.695568328721276, 0.948282459234906, 2.37565534257159,
-0.0250718659418511, -1.31905653131574, 0.197260841118125, 0.0570207118857184,
0.91414511295687, -0.248178570113171, 0.123120065192081, -1.18447880200294,
1.89726809641229, -1.58576778853714, 0.362073341800333, 0.166993480396663,
-0.0250718659418511, 0.681546759999465, -1.26985475705008, 0.0199421765846758,
0.531423909756239, 0.234966721446236, 1.22047687493970, -3.23175004546146,
4.40800881012668, -1.12223313957712, -0.0177637037434354, -0.186682462784598,
0.201122679336696, 0.297676782138844, -0.0836512262614318, -1.68067612906051,
0.163123494840090, 0.451848859374954, 0.0936674382720057, -0.02086783952671,
-1.91415439452342, -2.11112443834629, -1.24797915448289, -0.204965089287693,
0.399445181269865, 0.51773638189295, 0.0531588736671417, -0.957958363203834,
0.420408281979488, -1.24018215200365, 0.225784671504610, 0.252703476302372,
0.298907030178932, 0.157265558808138, 0.16979616467344, 0.867990443108433,
-0.893716602964628, 0.484348590712208, 0.750196230104148, -0.905522095746688,
-0.231240254382356, -0.77828511798437, 0.0531588736671417, -0.728341935959457,
-1.85255237180072, 0.304235389239991, 0.245150893963542, -0.324046581698138,
0.290181231166099, 0.448345504028983, 1.13177680598289, 0.108552624823313,
-0.962439399111449, -1.20110751888921, 0.0114689450502648, 0.157265558808138,
-0.174282214327529, -0.284866033189537, 0.256451251788757, 0.934277185189125,
0.282571617461161, -2.45689746365412, 0.298149327743642, 0.289008014492107,
-0.256032603958499, 0.784252103002073, -0.3596097121286, 0.879950735312739,
-4.68834743025379, -0.53191776378353, 0.74639142325168, 1.73026577181445,
-0.857468884444615, -0.658688904852396, -0.618650892746525, -0.0140538373182762,
-0.527335850869381, 1.03286822788471, -0.116452824426642, 2.52233135668928,
0.7574026808585, -0.603962424108623, 0.0316925635068474, -0.83394224411376,
-0.0878992651008317, -0.295878477012723, -0.56110876788635, -0.0542933110369564,
0.876563421513546, 2.77334993460963, -0.569349646570663, 3.21240137628836,
-0.171043722865507, 0.258176569524251, -0.55175327016261, -0.189539358575605,
0.116436837757407, 0.713978105551025, -0.482761289295032, -0.585034814617515,
-0.535733568441653, 0.624149248516218, -0.754495332915782, 0.613087449838175,
-0.709929636960187, -0.495485675586064, -0.292334434300222, 7.89275083113947,
0.7574026808585, 1.24984927850590, 0.334909647816484, -1.25862792490437,
-0.663581974636558, 0.202646253413247, 1.06861810061570, -0.0346189788609122,
-0.612799836602443, -0.642653317445316, -0.569349646570663, -0.496600967842665,
0.334909647816484, 2.13831043874883, 4.22343808724609, 0.984573303371802,
-0.572147316900675, -0.312877321266726, 1.50640047692172, 0.372369895761003,
-1.09969347212261, 2.92076384614197, -0.0410458756312974, -0.395043033716495,
-0.160960378183916, -0.845752618061766, -0.656257566407544, 0.354590459083222,
-0.53080657798166, -0.373740463071891, 0.161723397788097, 0.5875459827496,
-0.151451120957512, 2.36005289877345, -0.385570408658686, -0.0749059825692177,
0.606789020136732, -0.133339512112332, -0.570291242998756, 0.479587326933107,
-0.619216952248086, -0.696267924758068, -0.557269792632587, -0.487751228789312,
-0.48794025776722, 0.0933211273408222, -0.262595792014702, -0.55175327016261,
-0.660397154337899, -0.0823879279479669, -0.133339512112332,
-0.468835945857737, -0.225846972436112, 0.829906499934723, -0.378973107082173,
0.00680301807340351, 0.0621151905714131, -0.623629737679077,
-0.631892566524502, 1.67962279484853, 1.82654903030010, -0.554908385744205,
-1.31507075924544, 3.59725326757724, -0.169520340224071, -1.02184581334837,
-0.317624535395735, -1.52028314016524, -0.459482469865807, 0.42814329945184,
-0.463644264138975, 0.674602900276103, -0.225072798257794, -0.397419623535150,
-0.696567682629187, -0.439672900212304, -0.674044023468574, -1.11505430018289,
-0.709825460200537, -2.36982456566258, 0.0657174070883673, 3.44471601195338,
-0.41071880489172, -0.177836790186727, -0.709825460200537, -0.237058480221129,
-0.375254321274202, 0.370784779752395, -2.47151368988392, 2.64907803166459,
-0.24251521357002, -0.432884107152669, -0.40628574443953, 0.57339919974357,
-0.146512685091377, -0.815676378695047, -0.639660321417011, -0.346300225953618,
1.04346779509990, 4.85430787982773, -2.7072939695544, 0.732418289329719,
-0.169520340224071, 0.0657174070883673, -0.374363426033566, -0.404972245046296,
0.708475479737686, 0.57339919974357, -0.41071880489172, -0.375254321274202,
-0.379687381726391, -0.370821260822012, 1.85662385968768, 2.91036447074845,
2.76960587816182, -0.101982200227013, -0.384120442178581, -1.04751616018583,
0.309271604363462, 1.03993419618874, -0.432552876870898, 2.25770518256422,
0.299091984065848, -0.372134760215246, -0.416796595018926, -0.507211040209362,
-0.397419623535150, -0.991692435973083, 0.7097961177146, -0.522316283231654,
-0.912439880191712, 0.950716177619547, 0.00573188860245482, 1.34264583624533,
-0.0348295437475396, 0.776013619734744, 5.22976739823564, -0.439672900212304,
-0.384120442178581, 0.181747945880491, -0.388553502630771, 0.00573188860245482,
-0.330923716752304, -0.160141669012981, 0.438322919749453, 0.303246639755337,
0.00573188860245482, -0.397419623535150, -0.370821260822012,
0.592452079529242, -0.237058480221129, -0.353089019013253, -0.507211040209362,
2.29362368010243, -0.642287320203479, -0.237058480221129, 1.2120026167034,
-0.326490656300114, -0.366388200369822, -1.13957533505128, 6.68018625377211,
0.0644039076951336, -0.97997802018877, 4.02753106079634, -0.537298380192309,
-0.384669083304655, -1.70055386017772, -1.43362084468746, -1.55471039421605,
0.117159280208668, -0.507926347023283, 1.16470243179140, -0.345004690568324,
-0.343933257376425, -0.635705731605418, -0.416684901882694, -0.91795942657228,
-0.75314368003591, -0.442454554476621, -0.935336909073124, -0.116657866542378,
2.27003376495771, -0.44972029272258, -0.0473820129985274, -0.640017975062641,
-0.237230666864997, -0.335661936070973, 0.021435939182283, -0.73961110635833,
1.21356168542936, 0.212372568054514, -0.213925626189660, -0.651805636038553,
1.38361452410188, -1.54519558491333, -1.494863299177, -0.36464072957757,
-0.430610859257458, 0.257705931770498, 4.10130021047723, -1.73922847026452,
0.566706949866112, -0.121901141596074, -0.589894769541489, -0.569383585135765,
-0.462234594424879, 2.41130324480001, 0.379772372234363, -0.114441081704732,
-0.81811937630663, -0.431638823781385, 0.0780797939044084, 2.78201015855337,
3.34307296130581, 1.34007646553977, 0.270645639050972, -0.439961504301664,
-0.706059458742935, 0.269159900934902, 0.218827364876216, -0.167882409367535,
4.06119243154766, 0.327720017406859, -0.432586756130730, -0.497257868647745,
-0.386384854863427, -0.195811584866742, -1.60554955079349, -0.344973692743139,
-0.492300524440592, -1.04343269272070, 0.219143399067211, -0.0897081848390528,
1.70953085080473, -0.31328183320573, 0.477397036698243, 0.0385192300406313,
-0.472071546410057, -0.43615364075055, 0.821107882883918, -0.457927425854301,
-0.541381606218119, -0.142451066366941, -0.318683545160002, -0.328743860659948,
0.290804325547558, -0.18185125659135, -0.491811374976624, -1.05793771407237,
0.568490910605883, -0.331789165884672, 0.935521298098245, -0.501633918993360,
3.2442792924744, -0.514191317642988, -0.297942108446344, -0.00872529288746004,
-1.66078200836726, -0.959479091569575, -1.15108317574215, 2.02804474616753,
-0.422217756028415, 0.257485843328283), .Dim = c(100L, 65L), .Dimnames = list(
c("118", "165", "253", "399", "89", "393", "412", "288",
"274", "27", "438", "77", "296", "441", "330", "213", "306",
"422", "162", "329", "395", "90", "434", "53", "112", "424",
"6", "159", "361", "141", "199", "247", "203", "431", "338",
"273", "323", "44", "293", "166", "331", "260", "314", "221",
"211", "400", "10", "189", "289", "407", "188", "337", "171",
"96", "28", "39", "123", "200", "255", "156", "349", "418",
"175", "126", "411", "98", "180", "435", "32", "327", "127",
"312", "129", "124", "176", "328", "317", "143", "283", "382",
"158", "258", "144", "117", "272", "73", "254", "405", "87",
"51", "85", "21", "225", "426", "358", "277", "362", "142",
"279", "208"), c("y.te", "age", "sex", "bmi", "map", "tc",
"ldl", "hdl", "tch", "ltg", "glu", "age^2", "bmi^2", "map^2",
"tc^2", "ldl^2", "hdl^2", "tch^2", "ltg^2", "glu^2", "age:sex",
"age:bmi", "age:map", "age:tc", "age:ldl", "age:hdl", "age:tch",
"age:ltg", "age:glu", "sex:bmi", "sex:map", "sex:tc", "sex:ldl",
"sex:hdl", "sex:tch", "sex:ltg", "sex:glu", "bmi:map", "bmi:tc",
"bmi:ldl", "bmi:hdl", "bmi:tch", "bmi:ltg", "bmi:glu", "map:tc",
"map:ldl", "map:hdl", "map:tch", "map:ltg", "map:glu", "tc:ldl",
"tc:hdl", "tc:tch", "tc:ltg", "tc:glu", "ldl:hdl", "ldl:tch",
"ldl:ltg", "ldl:glu", "hdl:tch", "hdl:ltg", "hdl:glu", "tch:ltg",
"tch:glu", "ltg:glu")))
RegClasica <- function(Y,X,beta0,sigma0,sig20,nu0,B){
n <- dim(X)[1]
p <- dim(X)[2]
#calculos previos
invsigma0 <- solve(sigma0)
Xt <- t(X)
XtX <- Xt %*% X
invsigma0xbeta0 <- invsigma0 %*% beta0
XtY <- Xt %*% Y
YtY <- t(Y) %*% Y
#Previa
beta <- beta0
betat <- t(beta)
SSR <- betat%*%XtX%*%beta - 2*betat%*%XtY + YtY
#cadena
sig2_mcmc <- matrix(data = NA, nrow = B-1000, ncol = 1)
beta_mcmc <- matrix(data = NA, nrow = B-1000, ncol = p)
for (b in 1:B) {
#Actualizar sig2
sig2 <- 1/rgamma(n = 1, shape = 0.5*(nu0+n),rate = 0.5*(nu0*sig20+SSR))
invsig2 <- 1/sig2
#actualizar beta
A <- solve(invsigma0 + invsig2 * XtX)
B <- invsigma0xbeta0 + invsig2 * XtY
beta <- c(mvtnorm::rmvnorm(1, A %*% B, A))
betat <- t(beta)
SSR <- betat %*% XtX %*% beta - 2 * betat %*% XtY + YtY
#Almacenamiento
if (b > 1000) {
sig2_mcmc <- rbind(sig2,sig2_mcmc)
beta_mcmc <- rbind(beta,beta_mcmc)
}
}
#salida
BETA <- as.data.frame(beta_mcmc)
return(list(SIG2 = sig2_mcmc, BETA = BETA))
}
diabetesTRAIN <- as.data.frame(diabetesTRAIN)
Y <- diabetesTRAIN$y
X <- as.matrix(diabetesTRAIN[,-1])
n <- dim(X)[1]
p <- dim(X)[2]
beta_ols <- solve(t(X)%*%X)%*%t(X)%*%Y
sig2_ols <- sum((Y - X%*%beta_ols)^2)/(n-p)
#Dist. previsa unitaria
beta0 <- beta_ols
sigma0 <- n*sig2_ols*solve(t(X)%*%X)
nu0 <- 1
sig20 <- sig2_ols
B <- 11000
set.seed(42)
tictoc::tic()
chainPrevUnitaria <- RegClasica(Y,X,beta0,sigma0,sig20,nu0,B)
tictoc::toc()
RegRigida <- function(y,X,B,nu0,a,b){
n <- dim(X)[1]
p <- dim(X)[2]
beta_ols <- solve(t(X)%*%X)%*%t(X)%*%y
sig2_ols <- sum((y - X%*%beta_ols)^2)/(n-p)
s20 <- sig2_ols
sig2_mcmc  <- matrix(data = NA, nrow = B-1000, ncol = 1)
beta_mcmc <- matrix(data = NA, nrow = B-1000, ncol = p)
lambda_mcmc  <- matrix(data = NA, nrow = B-1000, ncol = 1)
#valores iniciales
sig2 <- 1/rgamma(1,nu0/2,0.5*(nu0*s20))
lambda <- rgamma(1,a,b)
for (b in 1:B) {
Vbeta <- solve(1/sig2*t(X)%*%X+lambda/sig2*diag(p))
beta <- c(mvtnorm::rmvnorm(1,Vbeta%*%(1/sig2*t(X)%*%y),Vbeta))
sig2 <- 1/rgamma(1,shape =  0.5*(nu0+n+p),rate = 0.5*(nu0*s20+lambda*t(beta)%*%beta+t(y-X%*%beta)%*%(y-X%*%beta)))
lambda <- rgamma(1,shape = a + p/2,rate = 1/sig2*t(beta)%*%beta+b)
if (b > 1000) {
sig2_mcmc <- rbind(sig2,sig2_mcmc)
beta_mcmc <- rbind(beta,beta_mcmc)
lambda_mcmc <- rbind(lambda,lambda_mcmc)
}
}
BETA <- as.data.frame(beta_mcmc)
return(list(SIG2 = sig2_mcmc, BETA = BETA, LAMBDA = lambda_mcmc))
}
nu0 <- 1
a <- 1
b <- 2
set.seed(42)
tictoc::tic()
chainRegRigida <- RegRigida(Y,X,B,nu0,a,b)
tictoc::toc()
